11,5
4294967293,131
4294967293,130
4294967293,129
4294967293,128
4294967293,127
4294967293,126
4294967293,125
4294967293,124
4294967293,123
4294967293,122
4294967293,121
4294967293,120
4294967293,119
4294967293,118
4294967293,117
4294967293,116
4294967293,115
4294967293,114
4294967293,113
4294967293,112
4294967293,111
4294967293,110
4294967293,109
4294967293,108
4294967293,107
4294967293,106
4294967293,105
4294967293,104
4294967293,103
4294967293,102
4294967293,101
4294967293,100
4294967293,99
4294967293,98
4294967293,97
4294967293,96
4294967293,95
4294967293,94
4294967293,93
4294967293,92
4294967293,91
4294967293,90
4294967293,89
4294967293,87
4294967293,86
4294967293,85
4294967293,84
4294967293,83
4294967293,82
4294967293,81
4294967293,80
4294967293,79
4294967293,78
4294967293,77
4294967293,76
4294967293,75
4294967293,74
4294967293,73
4294967293,72
4294967293,71
4294967293,70
4294967293,69
4294967293,68
4294967293,67
4294967293,66
4294967293,65
4294967293,64
4294967293,63
4294967293,62
4294967293,61
4294967293,60
4294967293,59
4294967293,58
4294967293,57
4294967293,56
4294967293,55
4294967293,54
4294967293,53
4294967293,52
4294967293,51
4294967293,50
4294967293,49
4294967293,48
4294967293,47
4294967293,46
4294967293,45
4294967293,44
4294967293,43
4294967293,42
4294967293,41
4294967293,40
4294967293,39
4294967293,38
4294967293,37
4294967293,36
4294967293,35
4294967293,34
4294967293,33
4294967293,32
4294967293,31
4294967293,30
4294967293,29
4294967293,28
4294967293,27
4294967293,26
4294967293,25
4294967293,24
4294967293,23
4294967293,22
4294967293,21
4294967293,20
4294967293,19
4294967293,18
4294967293,17
4294967293,16
4294967293,15
4294967293,14
4294967293,13
4294967293,12
4294967293,11
4294967293,10
4294967293,9
4294967293,8
4294967293,7
4294967293,6
4294967293,5
4294967293,4
4294967293,3
4294967279,149
4294967278,148
4294967279,148
4294967278,147
4294967279,147
4294967278,339
4294967279,397
4294967278,145
4294967279,144
4294967278,143
11,4
4294967279,36
4294967279,35
4294967279,34
4294967279,33
4294967279,32
4294967279,30
4294967279,29
4294967279,28
4294967279,27
4294967279,26
4294967279,31
4294967279,59
4294967279,58
4294967279,57
4294967279,56
4294967279,55
4294967279,54
4294967279,53
4294967279,52
4294967279,51
4294967279,50
4294967279,49
4294967279,48
4294967279,47
4294967279,46
4294967279,45
4294967279,44
4294967279,43
4294967279,42
4294967279,41
4294967279,40
4294967279,39
4294967279,38
4294967279,37
4294967278,338
4294967294,395
4294967294,409
4294967294,413
4294967294,179
4294967294,1244
4294967294,407
4294967294,421
4294967294,425
4294967294,403
4294967294,420
4294967294,411
4294967294,168
4294967294,113
4294967294,405
4294967294,410
4294967294,466
4294967279,396
4294967278,337
4294967279,395
4294967279,279
4294967278,276
4294967279,137
4294967278,136
4294967278,134
4294967279,136
18,4
4294967278,135
18,3
18,2
18,1
4294967278,336
4294967279,135
4294967279,80
4294967279,79
4294967279,78
4294967279,77
4294967279,76
4294967279,75
4294967279,74
4294967279,73
4294967279,72
4294967279,71
4294967279,70
4294967279,69
4294967279,68
4294967279,67
4294967279,66
4294967279,65
4294967279,64
4294967279,63
4294967279,62
4294967279,61
4294967279,60
4294967278,274
4294967278,284
4294967279,394
4294967278,335
4294967279,273
4294967278,269
4294967279,272
4294967278,268
4294967278,266
4294967279,271
17,4
4294967278,282
17,3
17,2
17,1
4294967278,285
4294967279,270
4294967294,18
4294967294,127
4294967294,14
4294967294,126
4294967294,20
4294967294,104
4294967294,106
4294967294,166
4294967294,189
4294967294,384
4294967294,1248
4294967294,13
4294967279,99
4294967279,98
4294967279,97
4294967279,96
4294967279,95
4294967279,94
4294967279,93
4294967279,92
4294967279,91
4294967279,90
4294967279,89
4294967279,87
4294967279,86
4294967279,85
4294967279,84
4294967279,83
4294967279,82
4294967279,81
4294967279,267
4294967279,266
4294967279,265
4294967279,264
4294967279,263
4294967278,259
4294967279,262
4294967278,258
16,7
4294967279,284
16,6
4294967278,257
16,5
4294967279,259
16,4
4294967278,334
16,3
16,2
16,1
4294967278,333
4294967279,258
4294967294,1422
4294967294,439
4294967278,332
4294967279,393
4294967278,331
4294967279,392
15,6
4294967278,330
15,5
4294967279,391
15,4
4294967278,329
15,3
15,2
15,1
4294967278,328
4294967279,390
4294967294,1241
4294967294,1166
4294967278,327
4294967279,389
4294967278,326
4294967279,388
14,4
